1776747664630 0.00030000000000000003 0
1776747679830 0.000607724 1
1776747694188 0.000902776 2
1776747716245 0.001185156 3
1776747734719 0.0014548640000000002 4
1776747751678 0.0017119 5
1776747768762 0.0017624 6
1776747792014 0.0017228 7
1776747807134 0.0016832000000000001 8
1776747824488 0.0016436000000000003 9
1776747842010 0.0016040000000000002 10
1776747857415 0.0015644 11
1776747875838 0.0015248 12
1776747892871 0.0014852 13
1776747909057 0.0014456 14
1776747926224 0.001406 15
1776747942579 0.0013663999999999998 16
1776747959332 0.0013267999999999997 17
1776747975457 0.0012872 18
1776747991352 0.0012476 19
1776748008359 0.001208 20
1776748024667 0.0011684000000000002 21
1776748040542 0.0011288000000000001 22
1776748057007 0.0010892000000000002 23
1776748073093 0.0010496000000000001 24
1776748088647 0.00101 25
1776748104368 0.0009704 26
1776748120028 0.0009308 27
1776748135579 0.0008911999999999999 28
1776748151205 0.0008516000000000001 29
1776748167137 0.0008120000000000001 30
1776748182661 0.0007724 31
1776748198375 0.0007328 32
1776748214272 0.0006931999999999999 33
1776748230200 0.0006536 34
1776748245734 0.0006140000000000001 35
1776748262357 0.0005744000000000001 36
1776748278025 0.0005348000000000001 37
1776748294108 0.0004952 38
1776748310129 0.00045559999999999996 39
1776748370356 0.0004159999999999999 40
1776748384876 0.00037640000000000015 41
1776748399450 0.0003368000000000001 42
1776748448232 0.0002972 43
1776748462505 0.00025760000000000003 44
1776748476917 0.00021799999999999996 45
1776748491641 0.00017839999999999992 46
1776748506732 0.0001388000000000001 47
1776748522702 9.920000000000008e-05 48
1776748539150 5.9600000000000046e-05 49
