1776747666463 0.05962 0
1776747681184 0.09254 1
1776747695948 0.29604 2
1776747719600 0.07305 3
1776747737694 0.57784 4
1776747755252 0.20844 5
1776747771467 0.56713 6
1776747793532 0.67114 7
1776747809427 0.64311 8
1776747827481 0.46545 9
1776747843528 0.6699 10
1776747860576 0.65176 11
1776747878487 0.67864 12
1776747895203 0.67852 13
1776747911816 0.67975 14
1776747928863 0.67802 15
1776747945043 0.6884 16
1776747961466 0.70176 17
1776747977496 0.72846 18
1776747993596 0.7234 19
1776748010956 0.725 20
1776748026925 0.69183 21
1776748042809 0.69323 22
1776748059220 0.68593 23
1776748075054 0.71922 24
1776748090649 0.7142 25
1776748106459 0.71857 26
1776748121983 0.71157 27
1776748137629 0.70251 28
1776748153168 0.72932 29
1776748169053 0.70914 30
1776748184773 0.71395 31
1776748200442 0.71124 32
1776748216681 0.71959 33
1776748232212 0.72904 34
1776748248329 0.73447 35
1776748264495 0.7252 36
1776748280678 0.70993 37
1776748296719 0.7304 38
1776748312151 0.73245 39
1776748371734 0.74175 40
1776748386363 0.73854 41
1776748400988 0.73075 42
1776748449717 0.72796 43
1776748463929 0.72504 44
1776748478751 0.72924 45
1776748493282 0.72919 46
1776748508688 0.72973 47
1776748524636 0.72826 48
1776748541225 0.72925 49
1776748546716 0.7385408814366473 49
