1776747666463 0.0372 0
1776747681184 0.06735 1
1776747695948 0.1983 2
1776747719600 0.05914 3
1776747737694 0.45246 4
1776747755252 0.16067 5
1776747771467 0.45031 6
1776747793532 0.50566 7
1776747809427 0.52182 8
1776747827481 0.36137 9
1776747843528 0.51184 10
1776747860576 0.51014 11
1776747878487 0.53149 12
1776747895203 0.52168 13
1776747911816 0.50952 14
1776747928863 0.50961 15
1776747945043 0.55124 16
1776747961466 0.53306 17
1776747977496 0.58049 18
1776747993596 0.57008 19
1776748010956 0.57229 20
1776748026925 0.5135 21
1776748042809 0.54749 22
1776748059220 0.54074 23
1776748075054 0.55296 24
1776748090649 0.57804 25
1776748106459 0.55317 26
1776748121983 0.54958 27
1776748137629 0.56653 28
1776748153168 0.58474 29
1776748169053 0.56074 30
1776748184773 0.56474 31
1776748200442 0.56292 32
1776748216681 0.57552 33
1776748232212 0.56938 34
1776748248329 0.56931 35
1776748264495 0.58175 36
1776748280678 0.58054 37
1776748296719 0.59397 38
1776748312151 0.58716 39
1776748371734 0.58986 40
1776748386363 0.60191 41
1776748400988 0.58598 42
1776748449717 0.57888 43
1776748463929 0.57726 44
1776748478751 0.5846 45
1776748493282 0.58832 46
1776748508688 0.5906 47
1776748524636 0.5824 48
1776748541225 0.58527 49
1776748546716 0.6019083033383011 49
