1776747666463 0.00361 0
1776747681184 0.00375 1
1776747695948 0.00361 2
1776747719600 0.00333 3
1776747737694 0.94022 4
1776747755252 0.3488 5
1776747771467 1.0 6
1776747793532 0.95961 7
1776747809427 0.92374 8
1776747827481 0.64122 9
1776747843528 0.9599 10
1776747860576 0.92436 11
1776747878487 0.9598 12
1776747895203 0.92807 13
1776747911816 0.94014 14
1776747928863 0.92597 15
1776747945043 0.96247 16
1776747961466 0.89888 17
1776747977496 0.9445 18
1776747993596 0.90979 19
1776748010956 0.95505 20
1776748026925 0.93022 21
1776748042809 0.92176 22
1776748059220 0.9249 23
1776748075054 0.92428 24
1776748090649 0.92211 25
1776748106459 0.92381 26
1776748121983 0.93724 27
1776748137629 0.92902 28
1776748153168 0.93025 29
1776748169053 0.90167 30
1776748184773 0.95172 31
1776748200442 0.92607 32
1776748216681 0.95739 33
1776748232212 0.9574 34
1776748248329 0.96045 35
1776748264495 0.9583 36
1776748280678 0.92522 37
1776748296719 0.92799 38
1776748312151 0.81982 39
1776748371734 0.95024 40
1776748386363 0.93611 41
1776748400988 0.90214 42
1776748449717 0.92167 43
1776748463929 0.91965 44
1776748478751 0.90229 45
1776748493282 0.90313 46
1776748508688 0.90305 47
1776748524636 0.90267 48
1776748541225 0.88325 49
1776748546716 0.9355617648635671 49
