1776747666463 0.66667 0
1776747681184 0.69231 1
1776747695948 0.66667 2
1776747719600 0.61538 3
1776747737694 0.40358 4
1776747755252 0.30769 5
1776747771467 0.48554 6
1776747793532 0.60944 7
1776747809427 0.62138 8
1776747827481 0.51282 9
1776747843528 0.6138 10
1776747860576 0.64103 11
1776747878487 0.61232 12
1776747895203 0.69231 13
1776747911816 0.69231 14
1776747928863 0.69231 15
1776747945043 0.65788 16
1776747961466 0.68394 17
1776747977496 0.69231 18
1776747993596 0.69231 19
1776748010956 0.66667 20
1776748026925 0.68383 21
1776748042809 0.69231 22
1776748059220 0.69231 23
1776748075054 0.69231 24
1776748090649 0.69231 25
1776748106459 0.69231 26
1776748121983 0.69231 27
1776748137629 0.69231 28
1776748153168 0.69231 29
1776748169053 0.70558 30
1776748184773 0.66667 31
1776748200442 0.69231 32
1776748216681 0.66667 33
1776748232212 0.66667 34
1776748248329 0.69231 35
1776748264495 0.66667 36
1776748280678 0.66667 37
1776748296719 0.66107 38
1776748312151 0.69231 39
1776748371734 0.64103 40
1776748386363 0.66667 41
1776748400988 0.70929 42
1776748449717 0.69231 43
1776748463929 0.69231 44
1776748478751 0.71052 45
1776748493282 0.71719 46
1776748508688 0.71654 47
1776748524636 0.71795 48
1776748541225 0.71795 49
1776748546716 0.6666666666666666 49
