1776804015455 1.17447 0
1776804030766 1.05589 1
1776804046012 1.08015 2
1776804070262 1.04623 3
1776804091185 0.99809 4
1776804108451 0.97412 5
1776804126171 1.04601 6
1776804144979 0.93801 7
1776804161071 0.99009 8
1776804178198 0.94728 9
1776804194678 0.90749 10
1776804211539 0.94362 11
1776804228331 0.84934 12
1776804245548 0.81393 13
1776804262470 0.91077 14
1776804279237 0.92964 15
1776804295672 0.8199 16
1776804313483 0.87368 17
1776804330513 0.78799 18
1776804347173 0.77033 19
1776804364758 0.79025 20
1776804381199 0.79309 21
1776804397725 0.78092 22
1776804414392 0.76307 23
1776804431099 0.72855 24
1776804448241 0.74074 25
1776804465309 0.68165 26
1776804482385 0.72869 27
1776804500283 0.69606 28
1776804516763 0.69688 29
1776804533827 0.6874 30
1776804551686 0.68543 31
1776804569814 0.60032 32
1776804586449 0.66628 33
1776804604325 0.67725 34
1776804622144 0.68277 35
1776804638896 0.66158 36
1776804656675 0.61557 37
1776804673724 0.64584 38
1776804690117 0.59696 39
1776804746355 0.54573 40
1776804760894 0.53319 41
1776804775661 0.51741 42
1776804790572 0.55472 43
1776804806416 0.51776 44
1776804823178 0.5046 45
1776804838826 0.52434 46
1776804856264 0.4982 47
1776804873101 0.4935 48
1776804890644 0.48839 49
