1776804015455 3.91709 0
1776804030766 2.24696 1
1776804046012 1.86051 2
1776804070262 1.64723 3
1776804091185 1.48038 4
1776804108451 1.44339 5
1776804126171 1.38745 6
1776804144979 1.19376 7
1776804161071 1.18134 8
1776804178198 1.07532 9
1776804194678 1.01431 10
1776804211539 1.02347 11
1776804228331 0.91206 12
1776804245548 0.85611 13
1776804262470 0.94825 14
1776804279237 0.89712 15
1776804295672 0.79365 16
1776804313483 0.81881 17
1776804330513 0.7364 18
1776804347173 0.73357 19
1776804364758 0.72975 20
1776804381199 0.72182 21
1776804397725 0.70703 22
1776804414392 0.71125 23
1776804431099 0.63335 24
1776804448241 0.60287 25
1776804465309 0.59296 26
1776804482385 0.61905 27
1776804500283 0.57591 28
1776804516763 0.58499 29
1776804533827 0.55957 30
1776804551686 0.5893 31
1776804569814 0.51248 32
1776804586449 0.53357 33
1776804604325 0.58252 34
1776804622144 0.55586 35
1776804638896 0.54526 36
1776804656675 0.53964 37
1776804673724 0.51755 38
1776804690117 0.49184 39
1776804746355 0.46002 40
1776804760894 0.46247 41
1776804775661 0.43456 42
1776804790572 0.44115 43
1776804806416 0.41799 44
1776804823178 0.41413 45
1776804838826 0.4242 46
1776804856264 0.40766 47
1776804873101 0.40406 48
1776804890644 0.39661 49
