1776804015455 1.06348 0
1776804030766 0.94936 1
1776804046012 0.94524 2
1776804070262 0.96446 3
1776804091185 0.96392 4
1776804108451 0.96823 5
1776804126171 0.97777 6
1776804144979 0.93102 7
1776804161071 0.99989 8
1776804178198 0.96135 9
1776804194678 0.9212 10
1776804211539 0.9602 11
1776804228331 0.92308 12
1776804245548 0.91335 13
1776804262470 0.93001 14
1776804279237 0.9373 15
1776804295672 0.90746 16
1776804313483 0.92461 17
1776804330513 0.90531 18
1776804347173 0.925 19
1776804364758 0.92163 20
1776804381199 0.91715 21
1776804397725 0.93599 22
1776804414392 0.89711 23
1776804431099 0.88065 24
1776804448241 0.87291 25
1776804465309 0.87115 26
1776804482385 0.86854 27
1776804500283 0.87464 28
1776804516763 0.86945 29
1776804533827 0.88742 30
1776804551686 0.88263 31
1776804569814 0.86997 32
1776804586449 0.85482 33
1776804604325 0.88963 34
1776804622144 0.86371 35
1776804638896 0.87303 36
1776804656675 0.87617 37
1776804673724 0.85853 38
1776804690117 0.85928 39
1776804746355 0.84746 40
1776804760894 0.85073 41
1776804775661 0.8263 42
1776804790572 0.82793 43
1776804806416 0.83119 44
1776804823178 0.8326 45
1776804838826 0.84172 46
1776804856264 0.81574 47
1776804873101 0.8329 48
1776804890644 0.81471 49
