1776804017193 0.03669 0
1776804032470 0.06678 1
1776804049043 0.19778 2
1776804076617 0.05855 3
1776804095042 0.45192 4
1776804112067 0.16014 5
1776804129315 0.44976 6
1776804147472 0.5051 7
1776804163753 0.52124 8
1776804180369 0.36083 9
1776804197847 0.51129 10
1776804214204 0.50959 11
1776804231307 0.53094 12
1776804248270 0.5211 13
1776804264789 0.50897 14
1776804281563 0.50907 15
1776804298627 0.55068 16
1776804316540 0.53245 17
1776804333004 0.57981 18
1776804349647 0.56941 19
1776804367210 0.57164 20
1776804383799 0.51281 21
1776804400128 0.54667 22
1776804416874 0.53949 23
1776804433701 0.5518 24
1776804450724 0.57653 25
1776804467977 0.55141 26
1776804486030 0.54786 27
1776804502842 0.56462 28
1776804519519 0.58309 29
1776804536510 0.55896 30
1776804555910 0.56301 31
1776804572707 0.56133 32
1776804589208 0.57386 33
1776804607489 0.56752 34
1776804625427 0.56763 35
1776804641337 0.57929 36
1776804659225 0.57599 37
1776804676240 0.58809 38
1776804692628 0.58076 39
1776804747875 0.57863 40
1776804762445 0.59445 41
1776804777329 0.58136 42
1776804792442 0.57164 43
1776804808707 0.56827 44
1776804825097 0.57496 45
1776804842242 0.5775 46
1776804858829 0.58039 47
1776804875775 0.57334 48
1776804893699 0.57592 49
1776804898038 0.5944498651464192 49
