1776804017193 0.05901 0
1776804032470 0.09197 1
1776804049043 0.29543 2
1776804076617 0.07241 3
1776804095042 0.57733 4
1776804112067 0.20788 5
1776804129315 0.56657 6
1776804147472 0.67058 7
1776804163753 0.64255 8
1776804180369 0.46489 9
1776804197847 0.66939 10
1776804214204 0.65121 11
1776804231307 0.67814 12
1776804248270 0.67801 13
1776804264789 0.6793 14
1776804281563 0.67752 15
1776804298627 0.68794 16
1776804316540 0.70132 17
1776804333004 0.72798 18
1776804349647 0.72294 19
1776804367210 0.72453 20
1776804383799 0.69122 21
1776804400128 0.69267 22
1776804416874 0.68503 23
1776804433701 0.71839 24
1776804450724 0.71299 25
1776804467977 0.71689 26
1776804486030 0.71013 27
1776804502842 0.70118 28
1776804519519 0.72813 29
1776804536510 0.70759 30
1776804555910 0.71256 31
1776804572707 0.71008 32
1776804589208 0.71834 33
1776804607489 0.72769 34
1776804625427 0.73325 35
1776804641337 0.72318 36
1776804659225 0.70574 37
1776804676240 0.72508 38
1776804692628 0.72671 39
1776804747875 0.73173 40
1776804762445 0.73192 41
1776804777329 0.72694 42
1776804792442 0.72212 43
1776804808707 0.71706 44
1776804825097 0.72043 45
1776804842242 0.71952 46
1776804858829 0.72081 47
1776804875775 0.7199 48
1776804893699 0.72084 49
1776804898038 0.7319209552373853 49
