1776804017193 0.00361 0
1776804032470 0.00375 1
1776804049043 0.00361 2
1776804076617 0.00333 3
1776804095042 0.94022 4
1776804112067 0.3488 5
1776804129315 1.0 6
1776804147472 0.95961 7
1776804163753 0.92374 8
1776804180369 0.64122 9
1776804197847 0.9599 10
1776804214204 0.92436 11
1776804231307 0.9598 12
1776804248270 0.92807 13
1776804264789 0.94014 14
1776804281563 0.92597 15
1776804298627 0.96247 16
1776804316540 0.89888 17
1776804333004 0.9445 18
1776804349647 0.90979 19
1776804367210 0.95505 20
1776804383799 0.93022 21
1776804400128 0.92176 22
1776804416874 0.9249 23
1776804433701 0.92428 24
1776804450724 0.92211 25
1776804467977 0.92381 26
1776804486030 0.93724 27
1776804502842 0.92902 28
1776804519519 0.93025 29
1776804536510 0.90167 30
1776804555910 0.95172 31
1776804572707 0.92607 32
1776804589208 0.95739 33
1776804607489 0.9574 34
1776804625427 0.96045 35
1776804641337 0.9583 36
1776804659225 0.92522 37
1776804676240 0.92799 38
1776804692628 0.81982 39
1776804747875 0.95024 40
1776804762445 0.93611 41
1776804777329 0.90214 42
1776804792442 0.92167 43
1776804808707 0.91965 44
1776804825097 0.90229 45
1776804842242 0.90313 46
1776804858829 0.90305 47
1776804875775 0.90267 48
1776804893699 0.88325 49
1776804898038 0.9355617648635671 49
