1776804017193 0.66667 0
1776804032470 0.69231 1
1776804049043 0.66667 2
1776804076617 0.61538 3
1776804095042 0.40358 4
1776804112067 0.30769 5
1776804129315 0.48554 6
1776804147472 0.60944 7
1776804163753 0.62138 8
1776804180369 0.51282 9
1776804197847 0.6138 10
1776804214204 0.64103 11
1776804231307 0.61232 12
1776804248270 0.69231 13
1776804264789 0.69231 14
1776804281563 0.69231 15
1776804298627 0.65788 16
1776804316540 0.68394 17
1776804333004 0.69231 18
1776804349647 0.69231 19
1776804367210 0.66667 20
1776804383799 0.68383 21
1776804400128 0.69231 22
1776804416874 0.69231 23
1776804433701 0.69231 24
1776804450724 0.69231 25
1776804467977 0.69231 26
1776804486030 0.69231 27
1776804502842 0.69231 28
1776804519519 0.69231 29
1776804536510 0.70558 30
1776804555910 0.66667 31
1776804572707 0.69231 32
1776804589208 0.66667 33
1776804607489 0.66667 34
1776804625427 0.69231 35
1776804641337 0.66667 36
1776804659225 0.66667 37
1776804676240 0.66107 38
1776804692628 0.69231 39
1776804747875 0.64103 40
1776804762445 0.66667 41
1776804777329 0.70929 42
1776804792442 0.69231 43
1776804808707 0.69231 44
1776804825097 0.71052 45
1776804842242 0.71719 46
1776804858829 0.71654 47
1776804875775 0.71795 48
1776804893699 0.71795 49
1776804898038 0.6666666666666666 49
