1776804015455 0.00030000000000000003 0
1776804030766 0.000607724 1
1776804046012 0.000902776 2
1776804070262 0.001185156 3
1776804091185 0.0014548640000000002 4
1776804108451 0.0017119 5
1776804126171 0.0017624 6
1776804144979 0.0017228 7
1776804161071 0.0016832000000000001 8
1776804178198 0.0016436000000000003 9
1776804194678 0.0016040000000000002 10
1776804211539 0.0015644 11
1776804228331 0.0015248 12
1776804245548 0.0014852 13
1776804262470 0.0014456 14
1776804279237 0.001406 15
1776804295672 0.0013663999999999998 16
1776804313483 0.0013267999999999997 17
1776804330513 0.0012872 18
1776804347173 0.0012476 19
1776804364758 0.001208 20
1776804381199 0.0011684000000000002 21
1776804397725 0.0011288000000000001 22
1776804414392 0.0010892000000000002 23
1776804431099 0.0010496000000000001 24
1776804448241 0.00101 25
1776804465309 0.0009704 26
1776804482385 0.0009308 27
1776804500283 0.0008911999999999999 28
1776804516763 0.0008516000000000001 29
1776804533827 0.0008120000000000001 30
1776804551686 0.0007724 31
1776804569814 0.0007328 32
1776804586449 0.0006931999999999999 33
1776804604325 0.0006536 34
1776804622144 0.0006140000000000001 35
1776804638896 0.0005744000000000001 36
1776804656675 0.0005348000000000001 37
1776804673724 0.0004952 38
1776804690117 0.00045559999999999996 39
1776804746355 0.0004159999999999999 40
1776804760894 0.00037640000000000015 41
1776804775661 0.0003368000000000001 42
1776804790572 0.0002972 43
1776804806416 0.00025760000000000003 44
1776804823178 0.00021799999999999996 45
1776804838826 0.00017839999999999992 46
1776804856264 0.0001388000000000001 47
1776804873101 9.920000000000008e-05 48
1776804890644 5.9600000000000046e-05 49
