1776748906888 0.1 0
1776748915684 0.2 0
1776748939300 0.3 0
1776748964712 0.3 0
1776748972051 0.15 0
1776749024632 0.3 0
1776749076675 0.3 0
1776749183582 0.2 0
1776749185554 0.2 0
1776749194558 0.25 0
1776749196084 0.25 0
1776749213859 0.15 0
1776749218667 0.1 0
1776749219470 0.1 0
1776749221126 0.1 0
1776749229419 0.15 0
1776749234811 0.15 0
1776749253754 0.15 0
1776749258951 0.15 0
1776749260144 0.15 0
1776749264369 0.15 0
1776749267901 0.15 0
1776749299210 0.25 0
1776749303414 0.2 0
1776749349579 0.3 0
1776749350441 0.3 0
1776749367082 0.15 0
1776749443775 0.2 0
1776749488321 0.35 0
1776749522495 0.15 0
1776749531281 0.3 0
1776749533800 0.3 0
1776749539722 0.3 0
1776749551475 0.5 0
1776749562119 0.25 0
1776749571777 0.35 0
1776749689701 0.1 0
1776749756059 0.15 0
1776749864064 0.35 0
1776749897971 0.2 0
1776749905460 0.2 0
1776749906916 0.25 0
1776749990473 0.4 0
1776750188566 0.25 0
