1776747664630 1.17447 0
1776747679830 1.05589 1
1776747694188 1.08015 2
1776747716245 1.04623 3
1776747734719 0.99809 4
1776747751678 0.97412 5
1776747768762 1.04601 6
1776747792014 0.93801 7
1776747807134 0.99009 8
1776747824488 0.94728 9
1776747842010 0.90749 10
1776747857415 0.94362 11
1776747875838 0.84934 12
1776747892871 0.81393 13
1776747909057 0.91077 14
1776747926224 0.92964 15
1776747942579 0.8199 16
1776747959332 0.87368 17
1776747975457 0.78799 18
1776747991352 0.77033 19
1776748008359 0.79025 20
1776748024667 0.79309 21
1776748040542 0.78092 22
1776748057007 0.76307 23
1776748073093 0.72855 24
1776748088647 0.74074 25
1776748104368 0.68165 26
1776748120028 0.72869 27
1776748135579 0.69606 28
1776748151205 0.69688 29
1776748167137 0.6874 30
1776748182661 0.68543 31
1776748198375 0.60032 32
1776748214272 0.66628 33
1776748230200 0.67725 34
1776748245734 0.68277 35
1776748262357 0.66158 36
1776748278025 0.61557 37
1776748294108 0.64584 38
1776748310129 0.59696 39
1776748370356 0.54573 40
1776748384876 0.53319 41
1776748399450 0.51741 42
1776748448232 0.55472 43
1776748462505 0.51776 44
1776748476917 0.5046 45
1776748491641 0.52434 46
1776748506732 0.4982 47
1776748522702 0.4935 48
1776748539150 0.48839 49
