1776747664630 3.91709 0
1776747679830 2.24696 1
1776747694188 1.86051 2
1776747716245 1.64723 3
1776747734719 1.48038 4
1776747751678 1.44339 5
1776747768762 1.38745 6
1776747792014 1.19376 7
1776747807134 1.18134 8
1776747824488 1.07532 9
1776747842010 1.01431 10
1776747857415 1.02347 11
1776747875838 0.91206 12
1776747892871 0.85611 13
1776747909057 0.94825 14
1776747926224 0.89712 15
1776747942579 0.79365 16
1776747959332 0.81881 17
1776747975457 0.7364 18
1776747991352 0.73357 19
1776748008359 0.72975 20
1776748024667 0.72182 21
1776748040542 0.70703 22
1776748057007 0.71125 23
1776748073093 0.63335 24
1776748088647 0.60287 25
1776748104368 0.59296 26
1776748120028 0.61905 27
1776748135579 0.57591 28
1776748151205 0.58499 29
1776748167137 0.55957 30
1776748182661 0.5893 31
1776748198375 0.51248 32
1776748214272 0.53357 33
1776748230200 0.58252 34
1776748245734 0.55586 35
1776748262357 0.54526 36
1776748278025 0.53964 37
1776748294108 0.51755 38
1776748310129 0.49184 39
1776748370356 0.46002 40
1776748384876 0.46247 41
1776748399450 0.43456 42
1776748448232 0.44115 43
1776748462505 0.41799 44
1776748476917 0.41413 45
1776748491641 0.4242 46
1776748506732 0.40766 47
1776748522702 0.40406 48
1776748539150 0.39661 49
