1776747664630 1.06348 0
1776747679830 0.94936 1
1776747694188 0.94524 2
1776747716245 0.96446 3
1776747734719 0.96392 4
1776747751678 0.96823 5
1776747768762 0.97777 6
1776747792014 0.93102 7
1776747807134 0.99989 8
1776747824488 0.96135 9
1776747842010 0.9212 10
1776747857415 0.9602 11
1776747875838 0.92308 12
1776747892871 0.91335 13
1776747909057 0.93001 14
1776747926224 0.9373 15
1776747942579 0.90746 16
1776747959332 0.92461 17
1776747975457 0.90531 18
1776747991352 0.925 19
1776748008359 0.92163 20
1776748024667 0.91715 21
1776748040542 0.93599 22
1776748057007 0.89711 23
1776748073093 0.88065 24
1776748088647 0.87291 25
1776748104368 0.87115 26
1776748120028 0.86854 27
1776748135579 0.87464 28
1776748151205 0.86945 29
1776748167137 0.88742 30
1776748182661 0.88263 31
1776748198375 0.86997 32
1776748214272 0.85482 33
1776748230200 0.88963 34
1776748245734 0.86371 35
1776748262357 0.87303 36
1776748278025 0.87617 37
1776748294108 0.85853 38
1776748310129 0.85928 39
1776748370356 0.84746 40
1776748384876 0.85073 41
1776748399450 0.8263 42
1776748448232 0.82793 43
1776748462505 0.83119 44
1776748476917 0.8326 45
1776748491641 0.84172 46
1776748506732 0.81574 47
1776748522702 0.8329 48
1776748539150 0.81471 49
